## Matrix A
[[3. 1. 2.]
 [2. 6. 4.]
 [0. 1. 5.]]

## Vector b
[1. 2. 3.]

## A Transpose (A.T)
[[3. 2. 0.]
 [1. 6. 1.]
 [2. 4. 5.]]

## Trace (np.trace(A))
14.0

## Determinant (np.linalg.det(A))
72.00000000000007

## Rank (np.linalg.matrix_rank(A))
3

## Inverse (np.linalg.inv(A))
[[ 0.36111111 -0.04166667 -0.11111111]
 [-0.13888889  0.20833333 -0.11111111]
 [ 0.02777778 -0.04166667  0.22222222]]

## Pseudo-inverse (la.pinv(A))
[[ 0.36111111 -0.04166667 -0.11111111]
 [-0.13888889  0.20833333 -0.11111111]
 [ 0.02777778 -0.04166667  0.22222222]]

## Solve A x = b (np.linalg.solve)
[-0.05555556 -0.05555556  0.61111111]

## Eigenvalues (la.eig)[0]
[8.+0.00000000e+00j 3.+2.44181041e-08j 3.-2.44181041e-08j]

## Eigenvectors (la.eig)[1]
[[ 0.30151134+0.00000000e+00j -0.40824829+1.99372985e-08j
  -0.40824829-1.99372985e-08j]
 [ 0.90453403+0.00000000e+00j  0.81649658+0.00000000e+00j
   0.81649658-0.00000000e+00j]
 [ 0.30151134+0.00000000e+00j -0.40824829-4.98432463e-09j
  -0.40824829+4.98432463e-09j]]

## SVD U
[[-0.33115846  0.08336122  0.93988562]
 [-0.81824398  0.4706872  -0.33004598]
 [-0.46990516 -0.87835327 -0.08766224]]

## SVD singular values s
[8.88964438 3.32013432 2.439453  ]

## SVD VT
[[-0.29584573 -0.64237975 -0.70698201]
 [ 0.35885839  0.61115935 -0.70548204]
 [ 0.88526604 -0.46242027  0.04971447]]

## 2-Norm of A (la.norm(A, 2))
8.889644377881186

## Frobenius Norm of A (la.norm(A, 'fro'))
9.797958971132712

## 1-Norm of A (la.norm(A, 1))
11.0

## Infinity Norm of A (la.norm(A, np.inf))
12.0

## QR Q
[[-0.83205029  0.54113069  0.12194215]
 [-0.5547002  -0.81169603 -0.18291323]
 [-0.         -0.21983434  0.97553722]]

## QR R
[[-3.60555128 -4.16025147 -3.88290137]
 [ 0.         -4.54887983 -3.26369445]
 [ 0.          0.          4.38991748]]
